1.5084161473793862
-0.8255831656605803
-0.08692573109382848
2.171812017949911
1.516748557112443
-0.6620651593116564
-0.9921369606172504
-0.9074245578890041
-0.031013001025920212
0.6295729131136697
-2.638890518115407
1.264650680121031
1.2368016571358877
0.1129589704220148
-0.17129754604669173
-0.49847360995550555
-2.9295735985395592
0.25061954974765077
0.5840371584790606
2.2687523485457635
-0.8894403626585732
0.18310256376053594
-0.8508242483058209
-0.0819560119664715
-1.2999565845579621
-1.412902643415241
0.47359768888115716
-2.767172513526647
-1.0330419387705725
-0.9182367087968347
1.0071586012130609
-1.3223325878140704
0.13632226904516095
0.9324117105474924
1.492544067839844
-1.9937188411605842
0.7356019772331739
0.35034463447921727
-1.3881686369173976
1.0010725574526216
0.4316418022177056
0.6811305078204916
0.3989562217289933
-1.0663354447862665
-0.2901642364659031
0.9783376025407101
0.18784364842637521
-0.35929832042803056
-0.2499828640501925
-0.4930441099376483
-1.6499033273744446
1.4414157664393634
-0.17399518607411585
-0.1283042736689928
1.2698948182762537
-0.4634056213326009
2.125337090134974
-0.44068410630570143
-0.8374808693511877
0.273538530609234
0.6470210146177097
0.13271256547132315
-0.7627237455506284
-0.9760473893442374
0.39873755670639865
-0.4464208002833944
0.11280128275870228
-0.21339929981087175
0.3184623032518427
-0.8315303151663327
-0.1316220885751784
0.11955024882068592
-1.705811733462906
1.627541903680403
1.172980661129119
0.6644130856155503
0.9172708750987254
0.16973191709623733
-0.40584048895958597
-1.3919779573145228
1.1025122693214109
1.3406277936754052
-0.13035797756564244
1.3314195103175561
0.5954548280741089
-0.30843853948712474
0.6820126836519671
0.4640353771780572
0.730268066448775
-0.16172513277047187
0.6705043826822491
1.297401917305719
-1.5846158918506432
-0.2499894552921204
1.0159145860505752
0.857116115218272
-1.9904309054305156
-0.28084751320103296
-0.8410320472764317
0.3309378564329857
