0.27373603993857065
0.06526233271206794
-1.4252281531547972
1.7705502324597246
1.4541300605762562
2.047657896801548
0.0960188241052321
1.3421771553895885
1.2005575806438213
2.3366364620770286
-0.543361536181761
0.14004528183428122
-0.8689595256911149
-0.5900343510040713
1.7259390114914115
-0.7306129069229292
-0.05371757190584192
-0.3028769799537977
2.2240260527628424
-0.19221834207288213
0.15632982503503695
-1.438634747336986
0.4253683982991433
0.9798078605507037
-0.2877414323380336
0.4637852146153241
1.4221365233371168
-0.01446731594233519
0.76701905655967
0.30143395820380603
2.019189124744192
1.65773510450975
1.0701231712024666
1.5617554754640937
0.40335184255327694
-0.08707165602740252
-0.06644481560286275
1.1785045727950152
1.2459035428245826
1.1969752369594668
0.9922640860500305
0.04103852474795294
0.8951973382079359
1.016367384141147
0.4351248607119407
0.3434025053570794
0.21549067364077235
2.00826193689203
0.7517398328297318
0.8625157563166017
-0.4852698526866348
-0.7745058417267516
1.0671079565814847
0.2667936225084734
0.7708307547049824
-0.5126301245244471
0.4919556672663721
0.9384222114609873
0.6340017120057624
0.46932475263038775
0.46702362017702537
0.4643008606749527
-0.6634567936051112
0.8198793668010601
0.9679415692186519
0.5744367727334435
1.484714595577286
1.2621943796755497
1.5239948937258263
0.4085267973848534
0.920772752280637
0.0465172968139968
0.7896607247776477
0.8873159082094129
-0.04550418006608192
0.08475787192391937
-0.39117334008733706
-0.2143843130804589
1.7538222102057275
0.3897351939244911
0.5727228341751214
0.3747226936588868
-0.28252662131804773
0.19929877380471894
1.4210655514412207
1.754552472696514
1.2565790248187505
1.1904452573469069
0.04051063005800137
1.1344829786990558
0.6888520053778249
0.7275539130749328
-0.289516968253983
1.0628123161008667
1.8190783870497274
0.17850529814347782
2.317192981550619
1.0684463511673143
1.943621744585583
1.1023329532039647
