1.5654784344116202
1.4322906447101802
1.201013665804511
1.8559201918268906
0.632190209836192
0.31648312774690823
0.5888784138277845
0.7598256478370583
2.089789513849462
-0.8491330467552747
-0.536073597750129
0.5139252121229736
2.003071491524564
0.5457292457841756
0.310203655787608
1.8232337496791573
0.6809836938470581
0.7088092909887325
2.9109716801149674
1.0406800863483212
0.30208671158342637
1.8774512639689949
3.301576447765414
1.0040558465491796
1.0018528940441005
0.5270258609635026
-0.6546663844146239
1.4021920092145996
1.504180508872276
1.3479903696821953
1.6786188038930243
-0.04307726800996936
1.3431267515175356
2.7546726583802124
2.7755875521620563
1.982978147272612
1.0347804034052686
2.1947369158818395
1.2705284171055138
1.1302108761525336
1.6855975746605032
-0.09808855296793184
1.2282780015254426
0.6826895245922421
2.1535240688723896
2.4591918630399174
0.611621550531114
1.1227248471583697
-0.24838086748461685
1.6812801273112175
0.7503211261073827
-0.6848255469142199
0.9384177966925149
-0.16929319472514814
0.5873045714895286
0.918134487544293
1.2849400491318383
-0.2362407499494894
1.9291439934198895
2.162186990979147
2.08573761789843
1.4101423515355305
0.28723988238076226
0.8363531653004519
0.6210446939147508
1.1973122619637244
-0.3709244193630885
1.01961379117261
1.7714990535275619
0.10489336831904905
1.3386081078900065
1.4346038262666054
0.555776245537485
-0.9641652946855646
2.317503250525334
2.660295221633881
0.5991402038419531
0.6095553057299398
1.64942833348353
2.022244455709334
-0.8138455411505794
1.3913262663132475
0.3109875676079079
-1.0399289010184773
0.7778097269125812
0.7859710833322793
0.5450376163362294
2.215041326768243
0.2989477936241203
0.4071020732074334
1.9108890690737113
-0.5854284137514179
1.336517100020685
1.5582771700786302
-1.2316521881550089
1.3074364841031152
1.566328675064895
0.270577699865744
1.1955300097608998
1.655039037727412
