-1.635075501115555
-2.8657679384904444
-1.3842942058960777
0.7864099488318261
-1.8129412385766075
0.6423960842570329
-1.4712510645159154
-1.5858393854808366
-1.0555626877175266
-0.1270204352630227
0.1092329926843435
1.1417456944778026
0.304760712185717
-1.4396424220267108
0.39619884258381577
0.7640133950880577
0.47949187725563314
-2.361537496699785
-0.10466083275799382
0.8165036980712659
-1.4695657818900465
-1.3719029520686319
-0.5565696452327202
-0.4527831918818203
-0.9245901398045413
-0.5299977528747855
-0.5106132601289342
-0.5663171176526717
0.35796589309893956
-0.8749223115343175
0.498620298067624
1.300587555236254
-0.4969528380767989
-0.6382598220494582
0.2990997952467781
0.22496457588672159
-0.15449455558215303
0.5020284927400127
0.2064711555964196
-1.05327405137094
-1.4204114546928643
-1.4687163254121762
0.6904687533464855
-0.37337506457285197
-1.1821344258423054
-0.7300579763871943
0.7259233735798067
-2.075368589241806
1.000890293070348
-1.6539838510269356
0.6380440717331346
-1.2845158647968506
1.0837487018221665
-1.1887444157379572
-0.7015593952347684
-0.3546689397290914
-0.6749588401590465
-2.018058609840211
-0.40590201823163563
-1.8785044844553982
-0.5215713429151618
-1.4385857079502067
1.049442477707641
-1.5767108224414417
0.11292184983919684
1.5054278616492063
-0.5541811973928888
-0.4841590496516805
-0.8330648711524964
-0.0009345593130984375
-1.9328341983158317
-0.6338680444819246
-0.31346317124510814
-1.0689680091239722
0.15195954606831652
-1.6288850327543292
-0.5426060586214307
-1.716241970305626
-0.5640716688798881
1.0211826064482343
-0.30458420529485636
-1.5660016096387395
-1.3144711353726943
0.12164415630895542
-0.4769797846624445
-1.1306533828083623
0.4687056051427919
1.5148182591704904
1.2368647485646613
1.0012111306729967
-0.614413819749245
-0.7683269350324098
-0.6504439601147889
-0.1406198237178034
1.6282116467982988
0.2890603111733776
-0.14759606322810787
0.3438616970905033
0.40957913342793206
0.8766307752443054
