-0.9320528452646968
-0.15735854582925568
-2.4243781119940673
-1.1413633583343596
-0.6310662980017155
-0.5835387056715162
-0.8061145654097948
0.013376601957940881
-1.7703262322321538
-1.234684488888908
0.05575901958880802
-2.505313088959226
-1.6872108780695114
-0.8337164311811747
-0.881485659660899
-1.134961387004012
-1.325246897149884
0.040140616947625274
-2.2538469365203775
-1.0018939757920018
-0.3458278548347482
-1.7163091963772799
-0.5774112170934147
-2.299581733983068
-1.0740247477588545
0.7869133447857968
-0.2857658920997733
-1.2498688421550983
-2.819341638536452
-1.6168338000413984
-0.704954198210502
-1.4935114832128042
-0.1898061962353741
-0.796488077563615
-0.0874950878901467
-0.5719757585831894
-1.4283525657019118
-2.541410455794858
-2.413256641876106
-2.5203931031874705
-0.6518635126275472
-0.8757897622655612
-2.2383347600092414
-2.357860579216874
-1.2434940481865933
-0.5585024149865861
0.4303893655206861
-1.2708910462872511
-1.6913605899740518
-1.1403265978123485
-1.7635258397081257
-2.7036910265691443
-0.5948964141203901
-2.2579662938745453
-0.5066882993755069
-0.3638673666106843
-0.5671818433341992
-1.233781145909529
0.16770213780144738
-2.017392570977482
-0.06941782949081177
-1.9675170823922457
0.4558929645340286
0.6679284839883854
-0.2689348018714145
-2.907864796377278
-0.8238525752582871
0.8422897603448216
-1.709550769627528
-1.6892015978098494
-1.3946225606194704
-1.6627119824567822
1.362818169068487
-2.075946821797684
-0.3494166994773611
-1.2445387930039518
-2.1648052832924902
-1.0091287705103704
-0.13460564916758222
0.01976563995864211
-1.717581482002025
-2.657611171387772
-0.41786907402994555
-0.5693716170571395
-2.3338551367968723
-2.751391344430129
-1.8193398240350205
-0.6501091098516879
-1.281646352178327
-0.16607271628217002
-0.405590437432092
0.25076327074330074
-1.4157073134846538
-0.8516590385896786
-2.5015213331575277
-0.48402860157442684
-0.972146983807898
-0.6752436333006817
-2.2517086705587386
-1.2209211108982267
