-2.3402502561363305
-0.42057741090588624
-1.7978605182162708
-0.8539190157010202
-0.6896411035942398
-1.085125329426437
0.2551234762964205
-0.5783265834464262
-0.11981136952261195
0.7629409718049429
1.1342954684717625
-0.05674326873317564
-0.4486988362852237
0.5031865003790014
0.539151585664035
1.2592777414759568
0.08106143865142813
0.017403371665108643
1.1577535031750892
1.5966898979972262
1.4840853815877508
1.1015230601687651
1.1547374933273165
1.1261278625937294
-0.7216258138651379
-0.037142398515566236
1.7259841042493782
0.04956642750046564
-1.6445883762650098
-1.058820522508921
-1.453504685604248
-1.3611607213672252
0.28137444787511146
0.6614840485755874
1.9896511271968136
1.3530306040708384
0.4243136702230795
1.367731115139538
1.5122308614713336
0.039750724989518614
-0.5919583509384595
-0.5627241458533867
-1.0308009887633898
-0.8385590991415643
-1.1163900090444494
-0.6165368028785053
0.011814790708922806
0.9868507716973235
1.1238929037148413
1.9128729924500398
-1.5758502948248947
-2.09278142025417
-1.4648701976794494
0.7020565330759693
1.2357382792601823
-1.6379126508125261
0.5684619394132944
-0.08886225709234777
-0.8354922364672879
-1.4386389340206172
0.8708986268571165
-0.8553113147698524
-1.305162498674382
-0.6928481920648286
1.5723306103834307
0.5003384961226803
-0.7459312392580304
0.17815540593018558
-1.3785785304793208
0.7237728477643629
0.8624845940985584
0.6168121556712793
-1.4802503641889662
0.3697483601982743
0.2891361953949374
-0.6223820351291063
0.24193027004602696
0.5336929043633157
-0.2674733370974464
1.1973497976084038
-0.41277670727451693
1.5514852891960242
-0.02619640854503722
1.3112911887782397
0.40470932912474444
-1.0422635377808063
-0.6345045866316439
-0.8200367608832051
0.39768410948209
0.2532970378640439
-0.3817236566753288
0.7214497241038726
0.5722448269884454
-0.4061283223633759
0.6656183796304872
1.8700908073885893
-0.39194225923644216
-1.231084272898035
-1.0664575050038672
0.6418156879182582
