-0.18104779674644056
0.6882164574794746
0.4535012088166206
0.6368916707186403
1.3705017779242739
0.9759188012926282
1.691022595482158
0.29050609508406866
1.6038158619805025
1.5517928218344337
0.699920466754232
-0.34526106489014996
2.1240411848868925
-0.4666047297024196
0.7529805071091941
2.017704709351844
3.6622301867607994
0.4073228227236463
1.2653811812275462
-0.22698052038530236
-0.009470208039264572
1.5916509926162052
1.9235277890250086
2.1697337581692353
2.038840135268881
0.43395936441987826
1.4901546605585048
1.6646402259655622
2.5589359235520655
1.8533742837139329
1.5005128165712263
-0.4670057049895544
2.944742485248412
1.7628218874452934
-1.256234407448205
-0.05252237254212733
0.5416222769900542
-0.7584158847333038
0.11648876706206679
-0.23949807988215288
-0.8112726721304793
0.7249810333176616
-0.6339796779061966
-0.5351489087839465
0.8418665789576063
1.8471097466267001
1.4163882026630208
1.0763017327709428
0.790511457401631
-0.5324955081597698
-1.7991732802056655
-1.118153196596447
2.5194034874790248
0.9617541407950386
1.0292757085010409
1.5555456972078496
0.5475314416380066
2.2927924314909918
0.4446316359846437
2.6396134836233394
2.350075041977192
0.760861474054063
-1.4676150570249096
-1.0272422123887015
0.8343711465680838
0.24680403616017899
1.3050522774596829
1.6889663639168584
2.3580311134075904
2.4874083934303584
3.0406935878690082
0.2677805305172234
0.44316193698957573
4.020028533247061
-0.031726694560827884
-0.5099828995104214
1.9934226965494433
1.3539499722183828
1.6175391190165838
0.583036383307309
-1.4036045402038289
0.7671472996389694
1.4789852495028115
1.9224855512159675
1.555268711510763
0.22652613455940418
2.6623860095815957
0.03407419056978389
1.1990783869675479
3.3441703027988128
0.8878734118081815
1.5688289713733918
0.41457352597224717
2.2936425351845635
2.374587335878946
0.6996418420197821
2.3340208984053437
1.1879142377550904
1.2828202143818115
2.5844870691062107
