0.8729681853648377
1.9205282982311134
0.4622871976901618
0.7282837822118478
-1.5578843675371177
0.37888602963683493
-1.5065227424753322
1.2656900153046178
-1.0507325260383669
1.2366668002178547
0.30700337945994327
0.6534429240685278
0.2322015188052367
-0.09466125770000922
-1.3939551979010705
1.197341224565125
1.0271860932505348
0.23042398949493287
-1.2769802294827295
1.9222234413907962
2.0561304489496335
0.8794347047779798
-1.4755163910437863
-0.5343846822092346
1.2888339283289307
-0.12551754880248223
1.9482184421538207
-0.41809812310412087
1.0001522289962654
0.9251255648966585
-1.1060872207628538
0.29139236248279565
0.7716011058018608
-0.6838225666915507
1.8508455323902098
0.24402849181207253
-0.22746124589163297
-1.37069788130706
0.6020751834436533
-0.3005820135547702
0.6643047940408868
0.12702470295097135
1.294210000322634
0.6356770211561034
1.680194624798629
1.6829659763724445
1.5419406131897258
0.391136609788062
-0.41216787971761826
-1.1883331642034705
-0.43884256169270586
-0.05367932217388849
-0.3719832336509523
1.033168901883725
-0.07470845748307553
1.4636067147529195
-0.1997366322714318
-0.3620203771328633
2.137252923205191
0.707656566254852
0.9794151513966232
1.288234922451464
-0.082576458738431
2.2672862649649206
1.2368518890004463
0.461515519973242
1.389990316676733
-0.5690458540238823
1.0264520357292888
-0.1367250094278839
-0.10883969027942864
2.0291233548807184
-0.7095507759629915
0.2282176937666166
-1.910572103218425
0.5590213502445185
-0.369271942844683
0.5901171934913199
-1.5331024225640189
0.5350465622162472
0.36006885601949823
0.17397057875072186
1.0679408076296046
-0.3296640179622339
2.194027070463579
0.5342731835133275
1.5025438266325974
1.184337630937018
0.5667341403989649
2.9434701855745207
2.1897803006005794
1.3243953575298288
2.2499013725395653
0.12345050276528746
0.7501815149944684
-1.9143177529801014
-0.7381580168300816
-0.5250546100806059
-1.3919244386613374
-0.4607492099051521
