-1.6458514547390926
-1.8663392315577711
0.22642057142489835
-2.3333463556894882
-1.7378850335687104
-1.293540765172379
0.7212923058892369
-2.6854260191176866
-1.6045497976681158
-0.5581580155197101
-0.8717380735301047
0.09397937866247474
-0.7294117266655155
-1.4611824289864528
-1.860895823828239
-2.090631947767526
-1.1857483641640618
-0.6457100253188206
-0.6822749629611511
-0.38281445325010377
-1.7388438175040632
-0.3218652168698557
-2.510495986369904
-0.23670366961507705
0.6431551485074987
-0.6135896873460025
-0.5306872377428162
-2.0078510258949884
-1.3852692992658824
0.18359280237366327
-1.1579717117009394
0.17484796774122824
-2.1759639209102097
-1.152232254239737
-1.06658944861904
0.10604462222617839
-0.4108210435339519
0.10050049433993768
-0.6320729118281047
-1.816423124733512
-0.5323562494552616
-1.2833382285356598
-1.542555118713592
-0.5449340410024528
-3.019995882065219
-1.6308126401020409
-0.18261445029776202
-1.4285462994448863
-1.9684757292079755
-1.7323150922451516
-0.8016401667475694
-1.2801895744177598
-0.4171034384702079
-3.206529986739613
0.3150087810050459
-0.9879782695664747
0.10933969264343224
-2.181101278148871
-0.8680936522533056
0.1196328297929996
1.244716996662063
-2.031662095878518
-1.5466276859347967
-0.13408275803453729
-0.5054172588518704
-1.4444491422140768
-1.4585507782087397
-0.04330611952365537
-0.46240718239108547
-2.9315278596395737
-0.9264312790793395
0.13421388512960553
-2.6103654616156806
-0.4204391002068998
-1.1585581660266004
-0.7794161079001296
-2.4527834150927146
-0.26336335800597044
-1.1268600271583078
0.28355899811959895
-1.6081601828842136
-1.7849764711782803
-2.7890365625802023
-0.9143987184059319
-2.0936481427502893
-0.6686985258283759
1.4010156150227218
-1.7345426468259997
-2.4430286261831444
-1.7186668195747665
-0.6322696945553316
-0.6842267667677074
-1.8273375453759795
-1.6809172311438538
-2.003553800885376
-2.963430075025917
-0.7024913542024878
-2.899939307861403
-0.849411027979087
-1.0493812593223144
