-1.4501984979087634
-0.6466956217391383
-1.463111546811089
-1.2257291295414805
0.48504593791810613
-1.9482254470953428
0.9092256407954598
-1.4507966877082752
-0.5970525485470513
-0.859683907093538
-0.9345916816964133
0.27184952367074267
-1.353611078648286
-0.5535786684665085
0.8073061978687064
-1.3120670332291295
0.5733949988641316
-0.168970474804359
-0.5598961911036036
0.18372210882941087
-0.8406826805622014
-1.3767557153109469
0.1835698219735159
-1.9822887686054884
-0.11632387113047082
-1.3599777854162065
-1.267703469525104
-0.1620696318595155
-0.8361083798906758
-0.48858826211092116
-1.3545662881338998
-1.5194395971265642
-0.4117102940897835
-0.20070873208324896
-0.40470064995200683
-1.8349289695153652
-1.4114865318063208
0.03320846300602698
-2.154221813691361
-0.9392287672357077
0.6434199083578034
0.8950914059847999
-1.0302667348957626
-0.6934132947637097
0.6866500100164679
-2.3794324669581237
-0.09339831372923096
-1.099882785664835
-0.6926516222851721
0.0785637468357353
-0.7248970752114908
0.10566743337698747
0.007740849095372759
-0.014813232849764268
0.4558161476866457
0.36200443354876355
0.9891070330167047
-1.4011471289194484
-0.5017829617884462
1.0398328812317308
0.024706499060877518
0.8065066794517182
-0.7782623281486603
-0.6562192116462688
0.017268681677110376
-1.3214933032326228
-1.5011061620401078
1.281849421689752
-1.6792949714310543
-1.0293935936455476
0.8798365023420613
1.26209630796962
-0.4077457626791647
-1.6393841589252058
-1.862593733010386
0.5925706382221205
-1.5196433298036827
-1.8354433976496993
0.2737816412811811
0.18257027155031935
0.4382369730038532
-0.4424617661572603
-0.06664191762337701
0.3484119063319274
-1.7839807551770206
-1.2237949760898514
-0.7972351430680105
0.14407800489848288
-1.967217494770718
1.1445862902784596
-0.7473696406749007
0.8736809072500069
0.2887353669197664
-0.8447515520441664
-1.7558014965355582
-1.0232556034162834
-0.4119242027006526
-0.20706637430651792
-1.2088079160807834
0.007016667157495493
